train_loss: [1.6922002, 1.5388659, 1.5429991, 1.4295111, 1.476912, 1.3790728, 1.3849554, 1.2875023, 1.3695931, 1.331742, 1.2368767, 1.3660713, 1.3605502, 1.2982832, 1.3490618, 1.064992, 1.2209815, 1.2037258, 1.1738179, 1.2225432, 1.261937, 1.1417035, 1.1672013, 1.274462, 1.1617905, 1.2687383, 1.2014154, 1.0169694, 1.1446196, 1.1557834, 1.0745404, 1.0879655, 1.1572269, 1.0891874, 1.036289, 1.1108168, 1.0870283, 1.1727178, 0.94368994, 1.062283, 1.0159597, 1.0819167, 1.0791562, 1.0548147, 0.97438836, 1.026634, 1.0969378, 0.96002483, 0.9610932, 0.98362947]

test_loss: [1.3493714, 1.3205063, 1.2287173, 1.2194523, 1.2770911, 1.2431014, 1.1494136, 1.1688163, 1.0533417, 1.1387906, 1.1545256, 1.1979557]

train_acc: [0.3359375, 0.40625, 0.40625, 0.4296875, 0.421875, 0.4765625, 0.49609375, 0.51953125, 0.45703125, 0.53125, 0.5625, 0.453125, 0.45703125, 0.48828125, 0.47265625, 0.59375, 0.53515625, 0.5390625, 0.56640625, 0.515625, 0.54296875, 0.5546875, 0.5390625, 0.51171875, 0.59765625, 0.53515625, 0.57421875, 0.62890625, 0.56640625, 0.58203125, 0.58984375, 0.5546875, 0.546875, 0.58203125, 0.5859375, 0.6015625, 0.61328125, 0.54296875, 0.6640625, 0.5859375, 0.59375, 0.6015625, 0.59375, 0.578125, 0.625, 0.60546875, 0.57421875, 0.640625, 0.6015625, 0.59375]

test_acc: [0.4765625, 0.48046875, 0.50390625, 0.52734375, 0.52734375, 0.55078125, 0.56640625, 0.578125, 0.6484375, 0.5234375, 0.56640625, 0.56640625]